0 3
1 9
2 1
3 2
4 3
5 2
6 1
7 0
8 0
9 3
10 2
11 4
12 7
13 1
14 7
15 1
16 3
17 10
18 7
19 8
20 10
21 0
22 0
23 3
24 4
25 9
26 7
27 10
28 5
29 8
30 8
31 7
32 1
33 9
34 7
35 8
36 6
37 9
38 7
39 1
40 2
41 3
42 6
43 7
44 11
45 9
46 5
47 1
48 11
49 5
50 4
51 0
52 2
53 5
54 7
55 8
56 10
57 11
58 5
59 4
60 1
61 7
62 10
63 5
64 1
65 10
66 11
67 5
68 0
69 4
70 10
71 7
72 2
73 5
74 2
75 11
76 10
77 0
78 0
79 8
80 6
81 2
82 6
83 5
84 2
85 7
86 11
87 10
88 5
89 9
90 6
91 11
92 11
93 3
94 8
95 10
96 10
97 4
98 2
99 7
100 1
101 8
102 2
103 9
104 3
105 9
106 1
107 2
108 0
109 9
110 11
111 0
112 11
113 10
114 5
