0 7
1 9
2 5
3 0
4 7
5 0
6 5
7 3
8 3
9 7
10 0
11 7
12 1
13 5
14 1
15 5
16 7
17 2
18 1
19 8
20 2
21 3
22 3
23 7
24 7
25 9
26 1
27 2
28 7
29 8
30 8
31 1
32 5
33 9
34 1
35 8
36 2
37 9
38 1
39 5
40 0
41 7
42 1
43 1
44 6
45 9
46 4
47 5
48 6
49 4
50 7
51 3
52 0
53 4
54 1
55 8
56 2
57 6
58 2
59 2
60 5
61 1
62 2
63 2
64 5
65 2
66 6
67 4
68 3
69 7
70 2
71 1
72 0
73 4
74 0
75 6
76 2
77 3
78 3
79 8
80 8
81 0
82 8
83 4
84 0
85 1
86 6
87 2
88 4
89 9
90 7
91 6
92 6
93 7
94 8
95 2
96 2
97 2
98 0
99 1
100 5
101 8
102 0
103 9
104 7
105 9
106 5
107 0
108 3
109 9
110 4
111 3
112 6
113 2
114 4
