0 0
1 0
2 0
3 0
4 0
5 0
6 0
7 0
8 0
9 0
10 0
11 0
12 0
13 0
14 7
15 0
16 0
17 0
18 0
19 0
20 0
21 0
22 0
23 0
24 0
25 0
26 0
27 0
28 0
29 0
30 0
31 0
32 0
33 0
34 0
35 0
36 0
37 0
38 0
39 0
40 0
41 0
42 0
43 0
44 0
45 0
46 0
47 6
48 0
49 0
50 0
51 0
52 0
53 0
54 0
55 0
56 0
57 0
58 0
59 0
60 0
61 0
62 0
63 0
64 0
65 0
66 0
67 0
68 0
69 0
70 0
71 0
72 0
73 0
74 0
75 0
76 0
77 0
78 0
79 0
80 0
81 0
82 0
83 0
84 0
85 0
86 0
87 8
88 0
89 0
90 0
91 0
92 0
93 0
94 0
95 0
96 0
97 0
98 0
99 6
100 0
101 0
102 0
103 0
104 0
105 8
106 0
107 0
108 0
109 0
110 0
111 6
112 0
113 0
114 0
115 0
116 0
117 0
118 0
119 0
120 0
121 0
122 0
123 0
124 0
125 0
126 8
127 0
128 0
129 0
130 0
131 0
132 0
133 0
134 0
135 0
136 0
137 0
138 0
139 0
140 0
141 0
142 8
143 0
144 0
145 0
146 0
147 0
148 0
149 0
150 0
151 0
152 0
153 0
154 0
155 6
156 0
157 0
158 0
159 0
160 0
161 0
162 0
163 0
164 0
165 0
166 0
167 0
168 0
169 8
170 6
171 0
172 0
173 6
174 0
175 0
176 0
177 0
178 0
179 0
180 0
181 0
182 0
183 0
184 0
185 0
186 0
187 0
188 0
189 0
190 0
191 0
192 0
193 0
194 0
195 0
196 0
197 0
198 0
199 0
200 0
201 7
202 0
203 0
204 0
205 0
206 0
207 0
208 0
209 0
210 0
211 0
212 0
213 0
214 0
215 0
216 0
217 0
218 0
219 0
220 0
221 0
222 0
223 0
224 0
225 0
226 0
227 0
228 0
229 0
230 0
231 0
232 0
233 0
234 0
235 0
236 0
237 0
238 0
239 0
240 0
241 0
242 0
243 0
244 0
245 0
246 0
247 0
248 0
249 0
250 0
251 0
252 0
253 0
254 0
255 0
256 0
257 0
258 6
259 0
260 0
261 0
262 0
263 7
264 0
265 0
266 0
267 0
268 0
269 0
270 0
271 0
272 0
273 0
274 0
275 0
276 0
277 0
278 0
279 0
280 0
281 0
282 0
283 0
284 0
285 0
286 0
287 0
288 0
289 0
290 0
291 0
292 0
293 0
294 0
295 0
296 0
297 0
298 0
299 0
300 0
301 0
302 0
303 0
304 0
305 8
306 0
307 0
308 0
309 0
310 0
311 0
312 0
313 0
314 0
315 0
316 0
317 0
318 6
319 0
320 0
321 0
322 0
323 0
324 0
325 0
326 0
327 0
328 0
329 0
330 0
331 0
332 0
333 0
334 0
335 0
336 0
337 0
338 0
339 0
340 0
341 0
342 0
343 0
344 0
345 0
346 0
347 0
348 0
349 0
350 0
351 0
352 0
353 0
354 0
355 0
356 0
357 0
358 0
359 0
360 0
361 0
362 8
363 0
364 0
365 8
366 0
367 0
368 0
369 6
370 0
371 0
372 0
373 0
374 0
375 0
376 0
377 0
378 0
379 0
380 0
381 0
382 0
383 6
384 0
385 0
386 0
387 0
388 0
389 0
390 0
391 8
392 0
393 0
394 0
395 0
396 0
397 0
398 0
399 0
400 8
401 0
402 0
403 0
404 0
405 0
406 0
407 0
408 0
409 0
410 0
411 0
412 0
413 0
414 6
415 0
416 0
417 0
418 0
419 0
420 0
421 0
422 8
423 0
424 0
425 0
426 0
427 0
428 6
429 0
430 0
431 0
432 0
433 0
434 0
435 0
436 0
437 0
438 0
439 0
440 0
441 0
442 0
443 0
444 0
445 0
446 0
447 0
448 0
449 0
450 0
451 0
452 0
453 0
454 0
455 0
456 0
457 0
458 0
459 0
460 0
461 0
462 0
463 0
464 0
465 0
466 0
467 0
468 0
469 7
470 0
471 0
472 0
473 0
474 0
475 0
476 0
477 0
478 0
479 0
480 6
481 0
482 0
483 0
484 0
485 0
486 0
487 0
488 0
489 0
490 0
491 0
492 0
493 0
494 0
495 0
496 0
497 0
498 0
499 0
500 0
501 0
502 0
503 0
504 0
505 0
506 0
507 0
508 0
509 0
510 0
511 0
512 0
513 0
514 0
515 0
516 0
517 0
518 0
519 0
520 0
521 0
522 0
523 0
524 0
525 8
526 0
527 0
528 7
529 0
530 0
531 0
532 0
533 0
534 0
535 0
536 0
537 0
538 0
539 0
540 0
541 0
542 0
543 0
544 0
545 0
546 0
547 0
548 0
549 0
550 0
551 0
552 0
553 6
554 0
555 0
556 0
557 0
558 0
559 0
560 0
561 0
562 0
563 0
564 0
565 0
566 0
567 0
568 0
569 0
570 0
571 0
572 0
573 0
574 0
575 0
576 0
577 6
578 0
579 0
580 0
581 0
582 0
583 0
584 0
585 0
586 0
587 0
588 0
589 0
590 0
591 0
592 0
593 0
594 0
595 0
596 0
597 0
598 0
599 0
600 0
601 0
602 0
603 0
604 0
605 0
606 0
607 0
608 0
609 0
610 0
611 0
612 0
613 0
614 0
615 0
616 0
617 0
618 0
619 0
620 0
621 0
622 0
623 0
624 0
625 0
626 0
627 7
628 0
629 0
630 0
631 0
632 0
633 0
634 0
635 0
636 0
637 0
638 0
639 0
640 0
641 0
642 0
643 0
644 0
645 0
646 0
647 0
648 0
649 0
650 0
651 0
652 0
653 0
654 0
655 0
656 0
657 0
658 0
659 0
660 0
661 0
662 0
663 0
664 0
665 0
666 0
667 0
668 0
669 8
670 0
671 0
672 0
673 0
674 0
675 0
676 0
677 0
678 0
679 0
680 0
681 0
682 0
683 0
684 0
685 0
686 0
687 0
688 0
689 0
690 0
691 0
692 0
693 0
694 6
695 0
696 0
697 7
698 0
699 0
700 0
701 0
702 0
703 0
704 0
705 0
706 0
707 0
708 0
709 0
710 6
711 0
712 0
713 0
714 0
715 0
716 0
717 0
718 0
719 0
720 0
721 0
722 0
723 0
724 0
725 0
726 0
727 0
728 0
729 0
730 0
731 0
732 0
733 0
734 0
735 0
736 0
737 0
738 0
739 0
740 0
741 0
742 0
743 0
744 0
745 0
746 0
747 0
748 0
749 0
750 0
751 0
752 0
753 0
754 0
755 0
756 6
757 0
758 0
759 0
760 0
761 0
762 0
763 0
764 0
765 0
766 6
767 8
768 0
769 0
770 0
771 0
772 0
773 0
774 0
775 0
776 0
777 0
778 6
779 0
780 0
781 0
782 0
783 0
784 0
785 0
786 0
787 0
788 0
789 0
790 0
791 0
792 0
793 0
794 0
795 0
796 0
797 0
798 0
799 0
800 0
801 6
802 0
803 0
804 0
805 0
806 0
807 0
808 0
809 0
810 0
811 0
812 0
813 0
814 0
815 0
816 0
817 7
818 0
819 0
820 0
821 7
822 0
823 0
824 0
825 0
826 0
827 0
828 8
829 0
830 0
831 0
832 0
833 0
834 0
835 0
836 0
837 0
838 0
839 0
840 0
841 0
842 0
843 0
844 0
845 0
846 0
847 0
848 0
849 0
850 0
851 0
852 0
853 0
854 8
855 0
856 0
857 0
858 0
859 0
860 0
861 0
862 0
863 0
864 0
865 0
866 7
867 0
868 0
869 0
870 0
871 0
872 0
873 0
874 0
875 0
876 0
877 0
878 0
879 0
880 0
881 0
882 0
883 0
884 8
885 0
886 0
887 0
888 0
889 0
890 0
891 6
892 0
893 0
894 0
895 0
896 0
897 0
898 0
899 0
900 0
901 0
902 0
903 0
904 6
905 0
906 0
907 0
908 0
909 0
910 0
911 0
912 0
913 0
914 0
915 0
916 0
917 0
918 0
919 0
920 0
921 8
922 0
923 8
924 0
925 0
926 0
927 0
928 0
929 0
930 0
931 0
932 0
933 0
934 0
935 0
936 0
937 0
938 6
939 0
940 0
941 0
942 0
943 0
944 0
945 0
946 0
947 0
948 0
949 0
950 0
951 0
952 0
953 0
954 7
955 0
956 0
957 0
958 0
959 0
960 0
961 7
962 0
963 0
964 0
965 0
966 0
967 0
968 0
969 0
970 7
971 0
972 0
973 8
974 0
975 0
976 0
977 0
978 0
979 0
980 0
981 0
982 8
983 0
984 0
985 0
986 0
987 0
988 0
989 0
990 0
991 0
992 0
993 0
994 0
995 0
996 0
997 0
998 0
999 0
1000 0
1001 0
1002 8
1003 0
1004 0
1005 0
1006 6
1007 0
1008 7
1009 0
1010 0
1011 0
1012 0
1013 0
1014 0
1015 0
1016 0
1017 0
1018 0
1019 0
1020 0
1021 0
1022 0
1023 0
1024 0
1025 0
1026 0
1027 0
1028 0
1029 0
1030 0
1031 0
1032 7
1033 0
1034 0
1035 0
1036 0
1037 0
1038 0
1039 0
1040 0
1041 0
1042 0
1043 0
1044 0
1045 0
1046 6
1047 0
1048 0
1049 0
1050 0
1051 0
1052 0
1053 0
1054 6
1055 0
1056 0
1057 7
1058 0
1059 0
1060 0
1061 0
1062 6
1063 0
1064 0
1065 0
1066 0
1067 0
1068 7
1069 6
1070 0
1071 0
1072 0
1073 0
1074 0
1075 0
1076 0
1077 0
1078 0
1079 6
1080 0
1081 0
1082 0
1083 0
1084 0
1085 0
1086 8
1087 0
1088 0
1089 0
1090 0
1091 0
1092 0
1093 6
1094 0
1095 6
1096 0
1097 0
1098 0
1099 0
1100 0
1101 0
1102 0
1103 0
1104 0
1105 0
1106 0
1107 0
1108 0
1109 0
1110 0
1111 0
1112 0
1113 0
1114 0
1115 0
1116 0
1117 0
1118 0
1119 0
1120 0
1121 0
1122 6
1123 0
1124 0
1125 0
1126 0
1127 0
1128 0
1129 0
1130 6
1131 0
1132 0
1133 0
1134 0
1135 0
1136 0
1137 0
1138 0
1139 0
1140 0
1141 7
1142 0
1143 0
1144 0
1145 0
1146 0
1147 0
1148 0
1149 0
1150 0
1151 0
1152 0
1153 0
1154 0
1155 0
1156 6
1157 0
1158 0
1159 0
1160 0
1161 0
1162 0
1163 0
1164 0
1165 0
1166 0
1167 0
1168 0
1169 0
1170 0
1171 0
1172 0
1173 0
1174 0
1175 0
1176 6
1177 0
1178 6
1179 0
1180 0
1181 0
1182 0
1183 0
1184 0
1185 0
1186 0
1187 0
1188 0
1189 0
1190 0
1191 0
1192 6
1193 0
1194 0
1195 0
1196 0
1197 7
1198 0
1199 0
1200 0
1201 6
1202 0
1203 0
1204 0
1205 0
1206 6
1207 0
1208 0
1209 0
1210 0
1211 0
1212 0
1213 0
1214 0
1215 0
1216 0
1217 0
1218 0
1219 0
1220 0
1221 0
1222 0
1223 0
1224 0
1225 0
1226 0
1227 0
1228 7
1229 0
1230 0
1231 0
1232 0
1233 0
1234 0
1235 0
1236 7
1237 0
1238 7
1239 0
1240 0
1241 0
1242 0
1243 0
1244 0
1245 0
1246 8
1247 0
1248 6
1249 0
1250 6
1251 0
1252 0
1253 0
1254 0
1255 0
1256 8
1257 0
1258 0
1259 0
1260 0
1261 0
1262 0
1263 0
1264 0
1265 6
1266 6
1267 7
1268 0
1269 0
1270 0
1271 0
1272 0
1273 0
1274 0
1275 6
1276 0
1277 0
1278 0
1279 0
1280 0
1281 0
1282 0
1283 8
1284 0
1285 8
1286 0
1287 0
1288 0
1289 0
1290 0
1291 0
1292 0
1293 0
1294 0
1295 6
1296 0
1297 0
1298 6
1299 0
1300 0
1301 0
1302 0
1303 0
1304 0
1305 0
1306 0
1307 0
1308 0
1309 0
1310 0
1311 0
1312 0
1313 0
1314 0
1315 6
1316 0
1317 0
1318 0
1319 0
1320 0
1321 0
1322 0
1323 0
1324 0
1325 0
1326 0
1327 0
1328 0
1329 0
1330 6
1331 6
1332 0
1333 0
1334 0
1335 0
1336 7
1337 0
1338 0
1339 0
1340 0
1341 0
1342 6
1343 0
1344 0
1345 0
1346 0
1347 0
1348 0
1349 0
1350 0
1351 0
1352 0
1353 0
1354 0
1355 0
1356 0
1357 0
1358 0
1359 0
1360 0
1361 0
1362 0
1363 0
1364 0
1365 0
1366 0
1367 8
1368 0
1369 0
1370 0
1371 0
1372 8
1373 0
1374 6
1375 0
1376 0
1377 0
1378 0
1379 0
1380 0
1381 0
1382 0
1383 0
1384 0
1385 0
1386 0
1387 0
1388 0
1389 0
1390 0
1391 0
1392 0
1393 0
1394 6
1395 0
1396 0
1397 0
1398 0
1399 0
1400 0
1401 0
1402 0
1403 0
1404 0
1405 0
1406 0
1407 0
1408 6
1409 8
1410 0
1411 0
1412 0
1413 0
1414 0
1415 7
1416 0
1417 0
1418 0
1419 7
1420 6
1421 6
1422 0
1423 0
1424 0
1425 8
1426 0
1427 0
1428 0
1429 0
1430 0
1431 0
1432 0
1433 0
1434 0
1435 0
1436 0
1437 0
1438 6
1439 6
1440 0
1441 0
1442 0
1443 0
1444 0
1445 0
1446 0
1447 0
1448 0
1449 0
1450 0
1451 0
1452 0
1453 0
1454 0
1455 0
1456 6
1457 0
1458 0
1459 0
1460 6
1461 0
1462 0
1463 0
1464 6
1465 0
1466 0
1467 0
1468 0
1469 0
1470 0
1471 0
1472 0
1473 0
1474 6
1475 8
1476 0
1477 0
1478 0
1479 0
1480 0
1481 0
1482 0
1483 0
1484 0
1485 0
1486 0
1487 0
1488 0
1489 0
1490 0
1491 0
1492 0
1493 0
1494 0
1495 0
1496 0
1497 0
1498 0
1499 0
1500 0
1501 6
1502 0
1503 0
1504 0
1505 0
1506 0
1507 0
1508 7
1509 6
1510 0
1511 0
1512 0
1513 0
1514 0
1515 6
1516 0
1517 0
1518 0
1519 0
1520 0
1521 0
1522 0
1523 0
1524 0
1525 0
1526 0
1527 0
1528 0
1529 0
1530 8
1531 0
1532 0
1533 0
1534 0
1535 7
1536 0
1537 0
1538 0
1539 0
1540 0
1541 6
1542 7
1543 0
1544 0
1545 0
1546 0
1547 6
1548 0
1549 0
1550 0
1551 0
1552 0
1553 6
1554 0
1555 0
1556 0
1557 0
1558 0
1559 0
1560 0
1561 0
1562 0
1563 0
1564 0
1565 0
1566 6
1567 6
1568 0
1569 0
1570 0
1571 0
1572 0
1573 0
1574 0
1575 0
1576 0
1577 0
1578 0
1579 0
1580 0
1581 0
1582 0
1583 8
1584 6
1585 6
1586 0
1587 0
1588 0
1589 6
1590 0
1591 0
1592 0
1593 7
1594 6
1595 0
1596 0
1597 8
1598 0
1599 0
1600 0
1601 0
1602 0
1603 0
1604 0
1605 6
1606 0
1607 0
1608 6
1609 6
1610 0
1611 0
1612 0
1613 6
1614 0
1615 0
1616 0
1617 0
1618 0
1619 8
1620 0
1621 0
1622 0
1623 0
1624 0
1625 6
1626 0
1627 6
1628 0
1629 0
1630 0
1631 0
1632 0
1633 6
1634 6
1635 0
1636 0
1637 6
1638 0
1639 6
1640 0
1641 0
1642 0
1643 0
1644 0
1645 7
1646 0
1647 0
1648 0
1649 6
1650 6
1651 0
1652 0
1653 8
1654 0
1655 7
1656 0
1657 0
1658 0
1659 0
1660 0
1661 0
1662 0
1663 7
1664 0
1665 0
1666 0
1667 0
1668 6
1669 6
1670 0
1671 0
1672 6
1673 6
1674 0
1675 8
1676 0
1677 0
1678 0
1679 0
1680 0
1681 6
1682 0
1683 0
1684 6
1685 0
1686 0
1687 0
1688 0
1689 6
1690 0
1691 0
1692 0
1693 0
1694 0
1695 0
1696 0
1697 0
1698 0
1699 0
1700 0
1701 0
1702 0
1703 0
1704 0
1705 0
1706 0
1707 0
1708 0
1709 0
1710 0
1711 8
1712 0
1713 0
1714 0
1715 0
1716 0
1717 7
1718 6
1719 0
1720 0
1721 0
1722 0
1723 0
1724 0
1725 8
1726 0
1727 0
1728 0
1729 0
1730 0
1731 6
1732 0
1733 0
1734 0
1735 0
1736 6
1737 0
1738 0
1739 0
1740 6
1741 0
1742 0
1743 0
1744 0
1745 0
1746 0
1747 0
1748 0
1749 0
1750 0
1751 0
1752 0
1753 6
1754 0
1755 0
1756 6
1757 0
1758 0
1759 0
1760 0
1761 0
1762 0
1763 6
1764 0
1765 7
1766 0
1767 0
1768 0
1769 0
1770 0
1771 0
1772 0
1773 0
1774 7
1775 0
1776 0
1777 0
1778 0
1779 6
1780 0
1781 6
1782 0
1783 2
1784 0
1785 0
1786 6
1787 6
1788 0
1789 0
1790 0
1791 6
1792 6
1793 0
1794 0
1795 0
1796 0
1797 0
1798 0
1799 0
1800 7
1801 0
1802 0
1803 0
1804 0
1805 0
1806 6
1807 0
1808 0
1809 7
1810 0
1811 6
1812 0
1813 0
1814 0
1815 0
1816 0
1817 0
1818 6
1819 0
1820 8
1821 0
1822 6
1823 0
1824 0
1825 0
1826 0
1827 0
1828 6
1829 6
1830 0
1831 0
1832 0
1833 0
1834 0
1835 0
1836 6
1837 0
1838 7
1839 0
1840 0
1841 0
1842 0
1843 0
1844 6
1845 0
1846 8
1847 0
1848 0
1849 0
1850 0
1851 7
1852 0
1853 6
1854 0
1855 0
1856 0
1857 0
1858 0
1859 0
1860 0
1861 0
1862 0
1863 0
1864 0
1865 0
1866 0
1867 0
1868 0
1869 0
1870 7
1871 0
1872 0
1873 0
1874 8
1875 6
1876 0
1877 6
1878 0
1879 0
1880 0
1881 6
1882 0
1883 0
1884 6
1885 6
1886 6
1887 0
1888 8
1889 0
1890 0
1891 0
1892 6
1893 7
1894 6
1895 0
1896 0
1897 0
1898 0
1899 0
1900 0
1901 0
1902 6
1903 0
1904 0
1905 0
1906 0
1907 0
1908 0
1909 0
1910 0
1911 0
1912 0
1913 0
1914 0
1915 0
1916 0
1917 0
1918 0
1919 0
1920 0
1921 0
1922 0
1923 0
1924 6
1925 0
1926 0
1927 0
1928 6
1929 6
1930 0
1931 6
1932 0
1933 6
1934 7
1935 6
1936 0
1937 0
1938 6
1939 0
1940 6
1941 0
1942 0
1943 7
1944 0
1945 6
1946 6
1947 0
1948 0
1949 0
1950 6
1951 6
1952 0
1953 0
1954 0
1955 0
1956 0
1957 0
1958 0
1959 0
1960 6
1961 6
1962 0
1963 0
1964 0
1965 0
1966 0
1967 0
1968 0
1969 0
1970 0
1971 0
1972 8
1973 0
1974 0
1975 0
1976 0
1977 0
1978 0
1979 0
1980 0
1981 6
1982 0
1983 0
1984 6
1985 0
1986 6
1987 6
1988 0
1989 0
1990 0
1991 0
1992 0
1993 0
1994 0
1995 0
1996 6
1997 0
1998 7
1999 0
2000 0
2001 0
2002 0
2003 8
2004 0
2005 0
2006 0
2007 0
2008 0
2009 0
2010 0
2011 0
2012 0
2013 0
2014 0
2015 0
2016 0
2017 6
2018 6
2019 0
2020 0
2021 0
2022 0
2023 0
2024 0
2025 6
2026 0
2027 0
2028 0
2029 0
2030 8
2031 6
2032 6
2033 8
2034 0
2035 6
2036 6
2037 6
2038 6
2039 6
2040 6
2041 0
2042 0
2043 6
2044 6
2045 0
2046 0
2047 0
2048 6
2049 0
2050 6
2051 0
2052 0
2053 0
2054 0
2055 8
2056 0
2057 6
2058 0
2059 6
2060 0
2061 0
2062 6
2063 6
2064 7
2065 0
2066 0
2067 0
2068 0
2069 0
2070 6
2071 6
2072 0
2073 0
2074 0
2075 0
2076 0
2077 0
2078 0
2079 8
2080 7
2081 8
2082 0
2083 0
2084 0
2085 8
2086 0
2087 2
2088 0
2089 6
2090 6
2091 6
2092 0
2093 0
2094 0
2095 0
2096 0
2097 7
2098 0
2099 6
2100 6
2101 6
2102 0
2103 0
2104 0
2105 1
2106 1
2107 6
2108 2
2109 2
2110 2
2111 2
2112 2
2113 2
2114 2
2115 2
2116 7
2117 2
2118 2
2119 6
2120 2
2121 7
2122 0
2123 6
2124 6
2125 0
2126 6
2127 6
2128 0
2129 0
2130 0
2131 0
2132 6
2133 0
2134 0
2135 0
2136 0
2137 0
2138 0
2139 6
2140 0
2141 7
2142 0
2143 0
2144 0
2145 0
2146 0
2147 0
2148 0
2149 7
2150 0
2151 0
2152 0
2153 0
2154 6
2155 0
2156 0
2157 0
2158 7
2159 6
2160 6
2161 0
2162 6
2163 6
2164 8
2165 0
2166 6
2167 0
2168 0
2169 6
2170 8
2171 0
2172 7
2173 6
2174 0
2175 0
2176 0
2177 7
2178 7
2179 7
2180 0
2181 0
2182 0
2183 0
2184 0
2185 0
2186 0
2187 0
2188 0
2189 0
2190 0
2191 7
2192 0
2193 0
2194 0
2195 0
2196 0
2197 0
2198 0
2199 0
2200 0
2201 0
2202 6
2203 0
2204 6
2205 0
2206 0
2207 0
2208 0
2209 6
2210 0
2211 0
2212 3
2213 3
2214 3
2215 0
2216 0
2217 0
2218 0
2219 6
2220 0
2221 0
2222 6
2223 8
2224 6
2225 6
2226 0
2227 0
2228 0
2229 0
2230 0
2231 0
2232 0
2233 8
2234 0
2235 0
2236 0
2237 0
2238 0
2239 0
2240 0
2241 0
2242 0
2243 0
2244 0
2245 0
2246 8
2247 0
2248 0
2249 0
2250 7
2251 0
2252 0
2253 0
2254 8
2255 0
2256 0
2257 0
2258 0
2259 0
2260 6
2261 6
2262 0
2263 6
2264 0
2265 0
2266 7
2267 8
2268 0
2269 0
2270 6
2271 6
2272 6
2273 0
2274 0
2275 0
2276 0
2277 8
2278 0
2279 0
2280 7
2281 0
2282 6
2283 6
2284 6
2285 6
2286 6
2287 6
2288 6
2289 6
2290 6
2291 6
2292 6
2293 0
2294 6
2295 8
2296 6
2297 6
2298 6
2299 6
2300 6
2301 7
2302 6
2303 0
2304 0
2305 0
2306 0
2307 0
2308 0
2309 0
2310 0
2311 0
2312 0
2313 0
2314 0
2315 6
2316 0
2317 0
2318 0
2319 0
2320 0
2321 0
2322 6
2323 6
2324 6
2325 6
2326 6
2327 6
2328 6
2329 6
2330 6
2331 6
2332 7
2333 0
2334 6
2335 6
2336 0
2337 6
2338 6
2339 0
2340 0
2341 0
2342 6
2343 6
2344 0
2345 0
2346 0
2347 6
2348 6
2349 0
2350 0
2351 0
2352 0
2353 6
2354 0
2355 0
2356 0
2357 6
2358 0
2359 6
2360 0
2361 6
2362 6
2363 6
2364 6
2365 6
2366 6
2367 0
2368 8
2369 6
2370 7
2371 6
2372 6
2373 6
2374 6
2375 6
2376 0
2377 6
2378 6
2379 0
2380 0
2381 6
2382 7
2383 6
2384 6
2385 6
2386 6
2387 6
2388 6
2389 6
2390 6
2391 6
2392 6
2393 6
2394 6
2395 6
2396 6
2397 6
2398 8
2399 0
2400 0
2401 0
2402 6
2403 6
2404 6
2405 0
2406 0
2407 0
2408 0
2409 0
2410 0
2411 0
2412 0
2413 0
2414 0
2415 0
2416 0
2417 6
2418 6
2419 0
2420 6
2421 6
2422 6
2423 6
2424 6
2425 6
2426 6
2427 6
2428 6
2429 6
2430 6
2431 8
2432 6
2433 6
2434 6
2435 6
2436 0
2437 6
2438 0
2439 0
2440 0
2441 0
2442 0
2443 0
2444 6
2445 0
2446 0
2447 8
2448 6
2449 0
2450 8
2451 0
2452 0
2453 6
2454 0
2455 6
2456 6
2457 6
2458 6
2459 6
2460 6
2461 7
2462 6
2463 7
2464 6
2465 6
2466 7
2467 7
2468 6
2469 6
2470 6
2471 6
2472 6
2473 6
2474 7
2475 6
2476 7
2477 6
2478 6
2479 0
2480 6
2481 6
2482 6
2483 6
2484 6
2485 6
2486 6
2487 6
2488 0
2489 0
2490 6
2491 0
2492 6
2493 0
2494 0
2495 0
2496 0
2497 0
2498 0
2499 6
2500 6
2501 8
2502 8
2503 6
2504 6
2505 7
2506 6
2507 6
2508 6
2509 6
2510 6
2511 6
2512 7
2513 6
2514 0
2515 6
2516 0
2517 0
2518 7
2519 0
2520 0
2521 7
2522 7
2523 6
2524 6
2525 6
2526 6
2527 6
2528 6
2529 6
2530 6
2531 8
2532 0
2533 7
2534 0
2535 6
2536 6
2537 6
2538 6
2539 8
2540 8
2541 8
2542 8
2543 7
2544 7
2545 6
2546 6
2547 6
2548 6
2549 6
2550 6
2551 8
2552 6
2553 6
2554 0
2555 0
2556 6
2557 7
2558 6
2559 6
2560 6
2561 6
2562 7
2563 7
2564 6
2565 6
2566 6
2567 6
2568 6
2569 6
2570 6
2571 6
2572 7
2573 6
2574 6
2575 6
2576 6
2577 6
2578 6
2579 6
2580 6
2581 6
2582 6
2583 6
2584 7
2585 6
2586 6
2587 0
2588 0
2589 6
2590 8
2591 6
2592 0
2593 6
2594 6
2595 6
2596 6
2597 6
2598 6
2599 6
2600 8
2601 7
2602 6
2603 8
2604 6
2605 6
2606 6
2607 6
2608 6
2609 0
2610 7
2611 0
2612 0
2613 0
2614 0
2615 0
2616 0
2617 6
2618 0
2619 0
2620 6
2621 0
2622 6
2623 0
2624 6
2625 6
2626 6
2627 6
2628 7
2629 6
2630 6
2631 0
2632 0
2633 7
2634 8
2635 0
2636 0
2637 0
2638 7
2639 0
2640 0
2641 0
2642 0
2643 0
2644 0
2645 6
2646 6
2647 6
2648 6
2649 6
2650 8
2651 6
2652 6
2653 7
2654 6
2655 7
2656 8
2657 7
2658 6
2659 6
2660 6
2661 7
2662 6
2663 0
2664 6
2665 6
2666 6
2667 6
2668 6
2669 7
2670 6
2671 0
2672 0
2673 6
2674 8
2675 6
2676 7
2677 8
2678 6
2679 0
2680 6
2681 6
2682 6
2683 6
2684 6
2685 6
2686 6
2687 6
2688 6
2689 6
2690 6
2691 6
2692 6
2693 6
2694 6
2695 0
2696 0
2697 6
2698 6
2699 6
2700 6
2701 6
2702 6
2703 6
2704 6
2705 6
2706 6
2707 7
2708 7
2709 6
2710 7
2711 6
2712 6
2713 6
2714 6
2715 6
2716 6
2717 8
2718 6
2719 6
2720 6
2721 6
2722 6
2723 6
2724 6
2725 6
2726 6
2727 6
2728 6
2729 6
2730 6
2731 6
2732 6
2733 8
2734 6
2735 7
2736 6
2737 6
2738 6
2739 6
2740 6
2741 6
2742 6
2743 6
2744 6
2745 6
2746 6
2747 7
2748 6
2749 6
2750 6
2751 6
2752 6
2753 6
2754 6
2755 6
2756 6
2757 0
2758 6
2759 6
2760 7
2761 6
2762 6
2763 6
2764 6
2765 6
2766 7
2767 6
2768 6
2769 6
2770 6
2771 6
2772 6
2773 6
2774 6
2775 6
2776 6
2777 6
2778 6
2779 6
2780 6
2781 6
2782 6
2783 6
2784 6
2785 6
2786 7
2787 6
2788 6
2789 6
2790 6
2791 6
2792 6
2793 6
2794 0
2795 6
2796 6
2797 6
2798 6
2799 7
2800 6
2801 6
2802 6
2803 6
2804 6
2805 6
2806 6
2807 6
2808 6
2809 6
2810 6
2811 6
2812 7
2813 7
2814 8
2815 7
2816 6
2817 6
2818 7
2819 6
2820 6
2821 7
2822 6
2823 6
2824 6
2825 6
2826 0
2827 6
2828 6
2829 7
2830 0
2831 7
2832 6
2833 6
2834 6
2835 6
2836 6
2837 6
2838 6
2839 6
2840 6
2841 6
2842 6
2843 6
2844 0
2845 6
2846 6
2847 6
2848 6
2849 6
2850 6
2851 6
2852 6
2853 6
2854 6
2855 0
2856 0
2857 0
2858 0
2859 0
2860 0
2861 6
2862 6
2863 6
2864 6
2865 6
2866 8
2867 6
2868 6
2869 6
2870 6
2871 6
2872 6
2873 6
2874 6
2875 6
2876 6
2877 6
2878 6
2879 6
2880 6
2881 6
2882 6
2883 7
2884 6
2885 6
2886 6
2887 6
2888 6
2889 0
2890 6
2891 6
2892 7
2893 6
2894 6
2895 6
2896 7
2897 6
2898 7
2899 6
2900 6
2901 6
2902 6
2903 7
2904 6
2905 6
2906 6
2907 6
2908 6
2909 6
2910 4
2911 4
2912 7
2913 6
2914 6
2915 6
2916 6
2917 6
2918 6
2919 6
2920 6
2921 6
2922 0
2923 6
2924 6
2925 7
2926 7
2927 6
2928 6
2929 6
2930 6
2931 6
2932 8
2933 6
2934 6
2935 6
2936 6
2937 6
2938 6
2939 6
2940 6
2941 6
2942 6
2943 6
2944 6
2945 6
2946 8
2947 6
2948 6
2949 6
2950 6
2951 6
2952 6
2953 6
2954 6
2955 6
2956 8
2957 6
2958 6
2959 6
2960 6
2961 6
2962 5
2963 5
2964 7
2965 0
2966 0
2967 7
2968 6
2969 6
2970 6
2971 6
2972 6
2973 6
2974 6
2975 6
2976 6
2977 6
2978 6
2979 7
2980 6
2981 6
2982 6
2983 6
2984 6
2985 6
2986 6
2987 7
2988 6
2989 7
2990 6
2991 6
2992 6
2993 6
2994 6
2995 7
2996 6
2997 6
2998 6
2999 0
3000 6
3001 6
3002 7
3003 6
3004 6
3005 6
3006 6
3007 6
3008 6
3009 8
3010 6
3011 6
3012 6
3013 6
3014 6
3015 6
3016 0
3017 6
3018 6
3019 6
3020 8
3021 6
3022 6
3023 6
3024 6
3025 6
3026 7
3027 6
3028 6
3029 7
3030 6
3031 6
3032 6
3033 7
3034 6
3035 6
3036 6
3037 6
3038 6
3039 6
3040 6
3041 6
3042 6
3043 6
3044 6
3045 8
3046 6
3047 6
3048 8
3049 6
3050 6
3051 6
3052 6
3053 8
3054 8
3055 6
3056 8
3057 6
3058 7
3059 6
3060 6
3061 6
3062 8
3063 8
3064 8
3065 6
3066 8
3067 8
3068 6
3069 6
3070 8
3071 6
3072 6
3073 6
3074 6
3075 6
3076 6
3077 7
3078 6
3079 6
3080 6
3081 6
3082 6
3083 6
3084 7
3085 6
3086 6
3087 8
3088 6
3089 6
3090 6
3091 6
3092 6
3093 0
3094 6
3095 6
3096 7
3097 6
3098 6
3099 6
3100 6
3101 6
3102 6
3103 6
3104 6
3105 6
3106 7
3107 6
3108 6
3109 6
3110 6
3111 7
3112 6
3113 6
3114 6
3115 6
3116 6
3117 6
3118 6
3119 6
3120 6
3121 6
3122 7
3123 6
3124 7
3125 6
3126 6
3127 6
3128 7
3129 6
3130 6
3131 6
3132 6
3133 6
3134 6
3135 6
3136 6
3137 7
3138 6
3139 6
3140 7
3141 7
3142 7
3143 7
3144 6
3145 6
3146 7
3147 7
3148 6
3149 7
3150 7
3151 7
3152 7
3153 8
3154 7
3155 7
3156 7
3157 7
3158 6
3159 6
3160 6
3161 6
3162 6
3163 6
3164 6
3165 7
3166 8
3167 6
3168 7
3169 6
3170 6
3171 6
3172 6
3173 6
3174 7
3175 6
3176 6
3177 6
3178 6
3179 2
3180 6
3181 7
3182 6
3183 7
3184 6
3185 6
3186 2
3187 6
3188 6
3189 7
3190 2
3191 6
3192 6
3193 6
3194 6
3195 6
3196 6
3197 6
3198 6
3199 6
3200 6
3201 6
3202 6
3203 6
3204 6
3205 6
3206 6
3207 7
3208 6
3209 6
3210 6
3211 6
3212 6
3213 6
3214 6
3215 6
3216 6
3217 8
3218 6
3219 6
3220 6
3221 6
3222 6
3223 6
3224 6
3225 6
3226 6
3227 6
3228 6
3229 6
3230 6
3231 6
3232 6
3233 6
3234 6
3235 7
3236 6
3237 6
3238 6
3239 6
3240 6
3241 6
3242 6
3243 8
3244 7
3245 7
3246 7
3247 6
3248 6
3249 6
3250 6
3251 6
3252 6
3253 6
3254 6
3255 6
3256 6
3257 6
3258 6
3259 6
3260 6
3261 8
3262 6
3263 6
3264 6
3265 6
3266 6
3267 8
3268 7
3269 6
3270 7
3271 6
3272 8
3273 7
3274 6
3275 6
3276 6
3277 7
3278 6
3279 6
3280 7
3281 6
3282 6
3283 6
3284 6
3285 6
3286 7
3287 6
3288 6
3289 6
3290 6
3291 6
3292 6
3293 6
3294 6
3295 6
3296 6
3297 6
3298 6
3299 6
3300 6
3301 6
3302 6
3303 6
3304 6
3305 6
3306 8
3307 6
3308 6
3309 7
3310 6
3311 6
3312 6
3313 7
3314 8
3315 7
3316 6
3317 6
3318 6
3319 6
3320 7
3321 7
3322 7
3323 6
3324 6
3325 6
3326 7
3327 6
3328 7
3329 6
3330 6
3331 6
3332 8
3333 6
3334 7
3335 8
3336 7
3337 6
3338 6
3339 6
3340 6
3341 6
3342 7
3343 6
3344 6
3345 6
3346 6
3347 6
3348 6
3349 6
3350 6
3351 8
3352 6
3353 6
3354 6
3355 7
3356 6
3357 6
3358 6
3359 6
3360 7
3361 6
3362 6
3363 6
3364 6
3365 6
3366 6
3367 6
3368 6
3369 6
3370 6
3371 6
3372 6
3373 6
3374 6
3375 6
3376 6
3377 8
3378 0
3379 0
3380 0
3381 6
3382 6
3383 6
3384 6
3385 6
3386 8
3387 6
3388 0
3389 0
3390 8
3391 6
3392 8
3393 0
3394 7
3395 6
3396 6
3397 0
3398 6
3399 6
3400 6
3401 7
3402 6
3403 6
3404 6
3405 8
3406 7
3407 6
3408 6
3409 8
3410 8
3411 6
3412 6
3413 7
3414 6
3415 6
3416 6
3417 6
3418 6
3419 6
3420 6
3421 6
3422 8
3423 6
3424 6
3425 6
3426 6
3427 8
3428 6
3429 6
3430 6
3431 6
3432 6
3433 6
3434 6
3435 6
3436 6
3437 6
3438 6
3439 6
3440 6
3441 7
3442 6
3443 6
3444 7
3445 8
3446 7
3447 7
3448 7
3449 7
3450 6
3451 6
3452 6
3453 8
3454 8
3455 6
3456 6
3457 6
3458 6
3459 7
3460 8
3461 6
3462 6
3463 6
3464 6
3465 7
3466 6
3467 6
3468 6
3469 6
3470 6
3471 6
3472 6
3473 6
3474 6
3475 8
3476 6
3477 7
3478 6
3479 6
3480 7
3481 6
3482 6
3483 6
3484 6
3485 6
3486 8
3487 6
3488 7
3489 6
3490 7
3491 6
3492 6
3493 6
3494 6
3495 7
3496 6
3497 6
3498 6
3499 6
3500 6
3501 6
3502 6
3503 6
3504 6
3505 7
3506 6
3507 6
3508 8
3509 6
3510 6
3511 6
3512 6
3513 7
3514 6
3515 7
3516 6
3517 6
3518 8
3519 6
3520 6
3521 6
3522 6
3523 7
3524 6
3525 6
3526 6
3527 6
3528 6
3529 7
3530 6
3531 6
3532 7
3533 6
3534 7
3535 6
3536 6
3537 6
3538 6
3539 6
3540 6
3541 7
3542 7
3543 6
3544 6
3545 7
3546 6
3547 7
3548 8
3549 6
3550 6
3551 7
3552 6
3553 6
3554 6
3555 6
3556 6
3557 6
3558 6
3559 7
3560 6
3561 6
3562 6
3563 6
3564 6
3565 6
3566 6
3567 6
3568 6
3569 6
3570 6
3571 6
3572 6
3573 7
3574 6
3575 6
3576 6
3577 6
3578 6
3579 6
3580 7
3581 7
3582 6
3583 7
3584 6
3585 8
3586 6
3587 8
3588 6
3589 6
3590 6
3591 6
3592 6
3593 6
3594 7
3595 6
3596 6
3597 6
3598 7
3599 6
3600 6
3601 6
3602 6
3603 6
3604 6
3605 7
3606 6
3607 7
3608 8
3609 6
3610 7
3611 6
3612 6
3613 6
3614 6
3615 7
3616 6
3617 6
3618 7
3619 7
3620 6
3621 6
3622 6
3623 7
3624 6
3625 6
3626 6
3627 6
3628 7
3629 7
3630 6
3631 6
3632 6
3633 6
3634 6
3635 6
3636 6
3637 6
3638 6
3639 6
3640 6
3641 6
3642 6
3643 7
3644 8
3645 6
3646 6
3647 7
3648 6
3649 7
3650 6
3651 6
3652 7
3653 7
3654 7
3655 8
3656 6
3657 6
3658 6
3659 6
3660 7
3661 6
3662 6
3663 6
3664 6
3665 7
3666 6
3667 6
3668 7
3669 7
3670 6
3671 6
3672 8
3673 6
3674 6
3675 7
3676 6
3677 6
3678 7
3679 8
3680 7
3681 7
3682 6
3683 6
3684 6
3685 6
3686 6
3687 7
3688 6
3689 6
3690 6
3691 6
3692 6
3693 6
3694 6
3695 6
3696 6
3697 6
3698 6
3699 7
3700 6
3701 7
3702 6
3703 6
3704 6
3705 6
3706 6
3707 6
3708 6
3709 6
3710 6
3711 6
3712 7
3713 6
3714 6
3715 0
3716 7
3717 6
3718 6
3719 7
3720 6
3721 6
3722 7
3723 6
3724 6
3725 6
3726 6
3727 6
3728 7
3729 8
3730 6
3731 6
3732 6
3733 6
3734 6
3735 8
3736 6
3737 6
3738 6
3739 7
3740 7
3741 6
3742 6
3743 6
3744 7
3745 7
3746 7
3747 6
3748 6
3749 6
3750 6
3751 6
3752 6
3753 8
3754 6
3755 6
3756 6
3757 9
3758 9
3759 8
3760 6
3761 6
3762 6
3763 6
3764 6
3765 8
3766 6
3767 6
3768 6
3769 6
3770 6
3771 6
3772 6
3773 6
3774 6
3775 7
3776 7
3777 6
3778 7
3779 7
3780 6
3781 7
3782 8
3783 6
3784 6
3785 7
3786 7
3787 6
3788 8
3789 6
3790 7
3791 6
3792 6
3793 7
3794 7
3795 6
3796 7
3797 6
3798 6
3799 7
3800 7
3801 6
3802 6
3803 6
3804 6
3805 8
3806 8
3807 7
3808 6
3809 7
3810 6
3811 6
3812 8
3813 6
3814 6
3815 6
3816 6
3817 6
3818 6
3819 6
3820 6
3821 6
3822 6
3823 8
3824 6
3825 7
3826 7
3827 7
3828 7
3829 7
3830 7
3831 7
3832 7
3833 6
3834 6
3835 6
3836 6
3837 7
3838 6
3839 6
3840 7
3841 7
3842 6
3843 6
3844 6
3845 7
3846 6
3847 6
3848 6
3849 7
3850 6
3851 6
3852 7
3853 6
3854 7
3855 6
3856 6
3857 6
3858 6
3859 6
3860 6
3861 6
3862 7
3863 6
3864 6
3865 7
3866 6
3867 6
3868 8
3869 6
3870 6
3871 7
3872 6
3873 7
3874 7
3875 6
3876 6
3877 6
3878 7
3879 6
3880 6
3881 6
3882 7
3883 6
3884 7
3885 7
3886 7
3887 6
3888 7
3889 7
3890 6
3891 6
3892 6
3893 6
3894 6
3895 7
3896 6
3897 6
3898 7
3899 6
3900 6
3901 7
3902 7
3903 7
3904 7
3905 7
3906 7
3907 6
3908 6
3909 6
3910 6
3911 7
3912 8
3913 8
3914 8
3915 6
3916 6
3917 6
3918 6
3919 7
3920 7
3921 7
3922 6
3923 6
3924 6
3925 6
3926 8
3927 8
3928 6
3929 7
3930 6
3931 6
3932 6
3933 6
3934 6
3935 7
3936 6
3937 6
3938 6
3939 6
3940 7
3941 6
3942 8
3943 6
3944 6
3945 6
3946 6
3947 6
3948 6
3949 6
3950 6
3951 6
3952 6
3953 6
3954 6
3955 8
3956 7
3957 6
3958 6
3959 8
3960 6
3961 6
3962 7
3963 7
3964 6
3965 8
3966 6
3967 6
3968 6
3969 7
3970 8
3971 6
3972 6
3973 6
3974 7
3975 7
3976 6
3977 7
3978 7
3979 7
3980 6
3981 8
3982 7
3983 7
3984 8
3985 7
3986 8
3987 7
3988 6
3989 7
3990 8
3991 7
3992 6
3993 6
3994 6
3995 7
3996 8
3997 7
3998 6
3999 6
4000 8
4001 6
4002 6
4003 6
4004 7
4005 8
4006 6
4007 6
4008 6
4009 6
4010 7
4011 7
4012 6
4013 6
4014 6
4015 6
4016 7
4017 6
4018 7
4019 6
4020 6
4021 6
4022 6
4023 6
4024 7
4025 7
4026 8
4027 6
4028 6
4029 6
4030 7
4031 6
4032 7
4033 8
4034 0
4035 7
4036 0
4037 0
4038 8
4039 7
4040 0
4041 7
4042 0
4043 0
4044 7
4045 6
4046 7
4047 6
4048 8
4049 7
4050 7
4051 7
4052 6
4053 7
4054 6
4055 7
4056 7
4057 8
4058 8
4059 6
4060 7
4061 7
4062 7
4063 7
4064 7
4065 7
4066 7
4067 7
4068 7
4069 6
4070 8
4071 10
4072 10
4073 8
4074 7
4075 7
4076 6
4077 7
4078 7
4079 7
4080 7
4081 7
4082 7
4083 7
4084 7
4085 7
4086 7
4087 7
4088 7
4089 7
4090 7
4091 7
4092 7
4093 6
4094 6
4095 6
4096 6
4097 7
4098 7
4099 7
4100 7
4101 7
4102 0
4103 7
4104 7
4105 7
4106 7
4107 7
4108 7
4109 7
4110 7
4111 7
4112 6
4113 7
4114 6
4115 6
4116 8
4117 7
4118 7
4119 7
4120 7
4121 7
4122 7
4123 8
4124 7
4125 7
4126 7
4127 0
4128 0
4129 7
4130 7
4131 6
4132 6
4133 8
4134 6
4135 7
4136 7
4137 7
4138 7
4139 6
4140 6
4141 8
4142 7
4143 6
4144 7
4145 6
4146 7
4147 7
4148 7
4149 8
4150 7
4151 7
4152 7
4153 7
4154 6
4155 6
4156 6
4157 7
4158 7
4159 7
4160 6
4161 7
4162 7
4163 7
4164 7
4165 7
4166 7
4167 6
4168 7
4169 7
4170 7
4171 7
4172 7
4173 7
4174 7
4175 7
4176 7
4177 7
4178 7
4179 7
4180 8
4181 7
4182 8
4183 7
4184 7
4185 7
4186 7
4187 7
4188 7
4189 7
4190 7
4191 6
4192 7
4193 8
4194 7
4195 8
4196 7
4197 7
4198 7
4199 7
4200 7
4201 7
4202 7
4203 7
4204 7
4205 7
4206 7
4207 7
4208 7
4209 7
4210 7
4211 7
4212 7
4213 8
4214 7
4215 7
4216 8
4217 7
4218 8
4219 8
4220 7
4221 8
4222 8
4223 7
4224 6
4225 6
4226 8
4227 6
4228 7
4229 7
4230 7
4231 7
4232 7
4233 6
4234 6
4235 6
4236 6
4237 7
4238 6
4239 7
4240 6
4241 7
4242 6
4243 7
4244 7
4245 7
4246 7
4247 7
4248 7
4249 7
4250 7
4251 7
4252 7
4253 7
4254 7
4255 7
4256 8
4257 7
4258 6
4259 6
4260 6
4261 8
4262 7
4263 8
4264 6
4265 7
4266 7
4267 7
4268 7
4269 7
4270 7
4271 7
4272 7
4273 7
4274 6
4275 7
4276 7
4277 8
4278 7
4279 8
4280 7
4281 7
4282 8
4283 7
4284 7
4285 7
4286 7
4287 8
4288 7
4289 7
4290 7
4291 7
4292 7
4293 7
4294 7
4295 7
4296 7
4297 7
4298 7
4299 7
4300 8
4301 7
4302 7
4303 7
4304 7
4305 7
4306 7
4307 7
4308 7
4309 7
4310 7
4311 7
4312 7
4313 7
4314 7
4315 7
4316 7
4317 8
4318 6
4319 8
4320 6
4321 6
4322 6
4323 7
4324 7
4325 6
4326 7
4327 6
4328 6
4329 7
4330 7
4331 7
4332 7
4333 6
4334 6
4335 7
4336 6
4337 6
4338 7
4339 7
4340 6
4341 7
4342 7
4343 7
4344 6
4345 7
4346 7
4347 6
4348 7
4349 7
4350 8
4351 8
4352 8
4353 8
4354 8
4355 8
4356 8
4357 8
4358 7
4359 8
4360 6
4361 8
4362 7
4363 7
4364 8
4365 8
4366 8
4367 7
4368 8
4369 7
4370 7
4371 7
4372 7
4373 7
4374 7
4375 6
4376 7
4377 7
4378 7
4379 7
4380 7
4381 7
4382 8
4383 8
4384 7
4385 8
4386 8
4387 8
4388 8
4389 8
4390 7
4391 8
4392 7
4393 8
4394 8
4395 8
4396 8
4397 8
4398 8
4399 8
4400 8
4401 8
4402 7
4403 7
4404 7
4405 7
4406 7
4407 8
4408 7
4409 7
4410 7
4411 7
4412 8
4413 7
4414 8
4415 7
4416 7
4417 7
4418 7
4419 7
4420 7
4421 7
4422 7
4423 7
4424 7
4425 8
4426 7
4427 7
4428 7
4429 7
4430 8
4431 7
4432 6
4433 8
4434 6
4435 7
4436 7
4437 7
4438 7
4439 7
4440 8
4441 7
4442 7
4443 8
4444 8
4445 7
4446 7
4447 8
4448 7
4449 7
4450 7
4451 7
4452 8
4453 7
4454 7
4455 8
4456 8
4457 7
4458 7
4459 7
4460 7
4461 7
4462 7
4463 8
4464 7
4465 7
4466 7
4467 7
4468 7
4469 7
4470 8
4471 7
4472 8
4473 7
4474 8
4475 7
4476 7
4477 8
4478 8
4479 7
4480 7
4481 7
4482 8
4483 7
4484 8
4485 8
4486 7
4487 7
4488 7
4489 8
4490 8
4491 7
4492 7
4493 7
4494 7
4495 7
4496 7
4497 7
4498 8
4499 7
4500 8
4501 7
4502 8
4503 7
4504 7
4505 7
4506 8
4507 7
4508 7
4509 7
4510 7
4511 8
4512 7
4513 7
4514 7
4515 8
4516 7
4517 7
4518 7
4519 7
4520 7
4521 7
4522 8
4523 7
4524 7
4525 7
4526 7
4527 7
4528 7
4529 7
4530 7
4531 7
4532 8
4533 7
4534 7
4535 7
4536 8
4537 8
4538 7
4539 7
4540 7
4541 7
4542 8
4543 8
4544 7
4545 7
4546 7
4547 7
4548 7
4549 7
4550 7
4551 8
4552 8
4553 8
4554 7
4555 7
4556 7
4557 7
4558 7
4559 8
4560 7
4561 7
4562 7
4563 7
4564 7
4565 7
4566 8
4567 7
4568 7
4569 7
4570 7
4571 7
4572 7
4573 7
4574 7
4575 7
4576 8
4577 7
4578 7
4579 8
4580 7
4581 8
4582 7
4583 7
4584 7
4585 7
4586 7
4587 7
4588 7
4589 7
4590 7
4591 7
4592 7
4593 7
4594 7
4595 7
4596 8
4597 7
4598 8
4599 8
4600 7
4601 7
4602 8
4603 7
4604 8
4605 8
4606 8
4607 8
4608 7
4609 7
4610 7
4611 7
4612 7
4613 8
4614 7
4615 7
4616 8
4617 8
4618 7
4619 7
4620 7
4621 7
4622 8
4623 7
4624 8
4625 7
4626 7
4627 8
4628 8
4629 8
4630 7
4631 7
4632 7
4633 7
4634 8
4635 8
4636 7
4637 7
4638 7
4639 7
4640 8
4641 7
4642 7
4643 7
4644 7
4645 7
4646 7
4647 7
4648 7
4649 7
4650 7
4651 7
4652 7
4653 7
4654 8
4655 7
4656 7
4657 7
4658 7
4659 7
4660 7
4661 7
4662 7
4663 7
4664 8
4665 7
4666 7
4667 7
4668 7
4669 7
4670 7
4671 7
4672 8
4673 7
4674 7
4675 7
4676 8
4677 7
4678 7
4679 7
4680 7
4681 7
4682 7
4683 7
4684 8
4685 7
4686 7
4687 8
4688 8
4689 8
4690 7
4691 7
4692 8
4693 7
4694 7
4695 7
4696 8
4697 7
4698 7
4699 7
4700 8
4701 7
4702 7
4703 7
4704 7
4705 8
4706 7
4707 7
4708 7
4709 7
4710 7
4711 7
4712 7
4713 7
4714 7
4715 7
4716 7
4717 8
4718 7
4719 7
4720 7
4721 7
4722 7
4723 7
4724 7
4725 7
4726 7
4727 7
4728 7
4729 7
4730 7
4731 7
4732 7
4733 7
4734 7
4735 7
4736 7
4737 7
4738 8
4739 7
4740 7
4741 7
4742 7
4743 7
4744 7
4745 7
4746 7
4747 7
4748 7
4749 7
4750 7
4751 7
4752 7
4753 7
4754 7
4755 7
4756 7
4757 7
4758 7
4759 7
4760 7
4761 7
4762 7
4763 7
4764 7
4765 7
4766 7
4767 7
4768 7
4769 7
4770 7
4771 8
4772 8
4773 8
4774 7
4775 7
4776 7
4777 8
4778 7
4779 7
4780 7
4781 7
4782 7
4783 7
4784 8
4785 8
4786 7
4787 7
4788 8
4789 7
4790 7
4791 7
4792 7
4793 7
4794 8
4795 8
4796 11
4797 11
4798 7
4799 7
4800 7
4801 8
4802 8
4803 8
4804 7
4805 8
4806 8
4807 7
4808 7
4809 7
4810 7
4811 7
4812 7
4813 8
4814 7
4815 7
4816 7
4817 7
4818 7
4819 8
4820 7
4821 7
4822 7
4823 8
4824 8
4825 7
4826 8
4827 7
4828 7
4829 8
4830 7
4831 7
4832 7
4833 7
4834 7
4835 8
4836 8
4837 7
4838 7
4839 7
4840 7
4841 7
4842 8
4843 7
4844 7
4845 6
4846 6
4847 7
4848 7
4849 7
4850 8
4851 7
4852 7
4853 7
4854 7
4855 7
4856 7
4857 8
4858 7
4859 8
4860 7
4861 7
4862 7
4863 7
4864 7
4865 7
4866 7
4867 8
4868 7
4869 7
4870 8
4871 7
4872 7
4873 7
4874 7
4875 7
4876 7
4877 7
4878 7
4879 7
4880 7
4881 7
4882 7
4883 7
4884 7
4885 7
4886 7
4887 7
4888 7
4889 7
4890 7
4891 7
4892 8
4893 7
4894 8
4895 8
4896 7
4897 8
4898 7
4899 8
4900 7
4901 7
4902 7
4903 7
4904 7
4905 7
4906 8
4907 7
4908 7
4909 7
4910 8
4911 7
4912 7
4913 7
4914 8
4915 8
4916 8
4917 7
4918 8
4919 8
4920 7
4921 7
4922 7
4923 7
4924 8
4925 8
4926 7
4927 7
4928 8
4929 8
4930 7
4931 7
4932 7
4933 7
4934 7
4935 7
4936 7
4937 7
4938 7
4939 7
4940 7
4941 7
4942 7
4943 8
4944 7
4945 8
4946 8
4947 8
4948 8
4949 7
4950 8
4951 7
4952 8
4953 7
4954 7
4955 7
4956 7
4957 7
4958 7
4959 7
4960 8
4961 8
4962 7
4963 7
4964 7
4965 8
4966 7
4967 7
4968 7
4969 7
4970 8
4971 8
4972 8
4973 8
4974 7
4975 7
4976 7
4977 7
4978 7
4979 8
4980 7
4981 8
4982 7
4983 7
4984 8
4985 6
4986 7
4987 7
4988 7
4989 7
4990 7
4991 7
4992 8
4993 7
4994 7
4995 7
4996 7
4997 7
4998 7
4999 7
5000 7
5001 7
5002 8
5003 7
5004 7
5005 8
5006 7
5007 7
5008 7
5009 7
5010 7
5011 7
5012 8
5013 7
5014 7
5015 7
5016 8
5017 7
5018 7
5019 8
5020 8
5021 7
5022 7
5023 0
5024 12
5025 12
5026 7
5027 7
5028 7
5029 8
5030 8
5031 7
5032 7
5033 7
5034 7
5035 7
5036 7
5037 7
5038 8
5039 7
5040 0
5041 0
5042 8
5043 8
5044 13
5045 8
5046 7
5047 7
5048 7
5049 7
5050 7
5051 8
5052 7
5053 8
5054 7
5055 7
5056 7
5057 7
5058 8
5059 6
5060 7
5061 7
5062 7
5063 7
5064 7
5065 7
5066 7
5067 7
5068 7
5069 7
5070 7
5071 7
5072 8
5073 8
5074 7
5075 7
5076 8
5077 8
5078 8
5079 8
5080 7
5081 7
5082 7
5083 7
5084 7
5085 7
5086 7
5087 8
5088 8
5089 7
5090 7
5091 7
5092 8
5093 7
5094 8
5095 0
5096 0
5097 14
5098 14
5099 8
5100 7
5101 7
5102 8
5103 8
5104 8
5105 8
5106 8
5107 8
5108 7
5109 7
5110 8
5111 8
5112 7
5113 7
5114 7
5115 7
5116 7
5117 7
5118 8
5119 7
5120 8
5121 0
5122 7
5123 8
5124 8
5125 8
5126 8
5127 8
5128 8
5129 8
5130 7
5131 8
5132 8
5133 8
5134 8
5135 8
5136 8
5137 8
5138 8
5139 8
5140 7
5141 8
5142 8
5143 8
5144 8
5145 8
5146 8
5147 8
5148 8
5149 8
5150 8
5151 8
5152 7
5153 8
5154 8
5155 8
5156 8
5157 7
5158 7
5159 7
5160 7
5161 8
5162 7
5163 7
5164 7
5165 7
5166 8
5167 7
5168 7
5169 7
5170 7
5171 7
5172 7
5173 7
5174 7
5175 7
5176 8
5177 7
5178 8
5179 7
5180 7
5181 8
5182 0
5183 0
5184 7
5185 8
5186 7
5187 7
5188 7
5189 7
5190 7
5191 7
5192 8
5193 7
5194 7
5195 7
5196 7
5197 7
5198 7
5199 8
5200 7
5201 7
5202 7
5203 8
5204 8
5205 7
5206 8
5207 8
5208 7
5209 8
5210 8
5211 7
5212 8
5213 8
5214 7
5215 8
5216 7
5217 7
5218 8
5219 7
5220 7
5221 7
5222 8
5223 7
5224 7
5225 8
5226 8
5227 8
5228 8
5229 8
5230 7
5231 8
5232 7
5233 8
5234 7
5235 7
5236 8
5237 8
5238 8
5239 8
5240 7
5241 7
5242 7
5243 7
5244 7
5245 8
5246 7
5247 7
5248 7
5249 8
5250 7
5251 8
5252 8
5253 8
5254 6
5255 7
5256 7
5257 7
5258 8
5259 8
5260 7
5261 7
5262 7
5263 8
5264 8
5265 15
5266 15
5267 8
5268 7
5269 8
5270 8
5271 8
5272 8
5273 8
5274 8
5275 8
5276 8
5277 8
5278 8
5279 8
5280 8
5281 8
5282 7
5283 7
5284 7
5285 7
5286 8
5287 7
5288 8
5289 8
5290 7
5291 7
5292 8
5293 8
5294 8
5295 7
5296 7
5297 8
5298 8
5299 8
5300 8
5301 8
5302 8
5303 8
5304 8
5305 8
5306 8
5307 8
5308 7
5309 8
5310 16
5311 16
5312 8
5313 8
5314 7
5315 7
5316 7
5317 8
5318 7
5319 7
5320 7
5321 7
5322 7
5323 7
5324 7
5325 8
5326 7
5327 8
5328 8
5329 8
5330 8
5331 8
5332 8
5333 8
5334 8
5335 8
5336 8
5337 8
5338 8
5339 8
5340 8
5341 8
5342 7
5343 7
5344 7
5345 7
5346 8
5347 8
5348 8
5349 8
5350 8
5351 8
5352 8
5353 8
5354 8
5355 8
5356 8
5357 8
5358 8
5359 8
5360 8
5361 8
5362 8
5363 8
5364 8
5365 7
5366 8
5367 8
5368 7
5369 17
5370 17
5371 8
5372 8
5373 8
5374 8
5375 8
5376 8
5377 8
5378 18
5379 18
5380 8
5381 8
5382 8
5383 8
5384 7
5385 8
5386 8
5387 8
5388 8
5389 8
5390 8
5391 8
5392 8
5393 8
5394 8
5395 7
5396 8
5397 8
5398 8
5399 8
5400 6
5401 8
5402 7
5403 8
5404 8
5405 8
5406 8
5407 8
5408 8
5409 8
5410 8
5411 8
5412 8
5413 8
5414 8
5415 8
5416 7
5417 7
5418 8
5419 8
5420 8
5421 7
5422 8
5423 7
5424 8
5425 7
5426 8
5427 8
5428 8
5429 8
5430 8
5431 8
5432 7
5433 7
5434 7
5435 7
5436 8
5437 8
5438 7
5439 7
5440 7
5441 8
5442 7
5443 7
5444 7
5445 7
5446 7
5447 7
5448 7
5449 8
5450 7
5451 8
5452 7
5453 7
5454 7
5455 8
5456 8
5457 7
5458 7
5459 7
5460 7
5461 7
5462 8
5463 7
5464 8
5465 8
5466 7
5467 7
5468 8
5469 8
5470 8
5471 8
5472 8
5473 8
5474 8
5475 8
5476 8
5477 7
5478 8
5479 8
5480 8
5481 8
5482 8
5483 8
5484 8
5485 7
5486 8
5487 8
5488 8
5489 8
5490 8
5491 8
5492 8
5493 8
5494 8
5495 8
5496 8
5497 8
5498 8
5499 8
5500 8
5501 7
5502 19
5503 19
5504 8
5505 8
5506 8
5507 8
5508 8
5509 20
5510 20
5511 8
5512 8
5513 8
5514 8
5515 8
5516 8
5517 8
5518 8
5519 7
5520 6
5521 7
5522 8
5523 7
5524 8
5525 8
5526 8
5527 8
5528 8
5529 8
5530 8
5531 8
5532 8
5533 8
5534 8
5535 8
5536 8
5537 8
5538 8
5539 8
5540 7
5541 8
5542 8
5543 8
5544 8
5545 8
5546 6
5547 8
5548 8
5549 8
5550 8
5551 8
5552 8
5553 8
5554 8
5555 8
5556 8
5557 8
5558 8
5559 8
5560 8
5561 8
5562 8
5563 8
5564 8
5565 8
5566 8
5567 6
5568 6
5569 6
5570 6
5571 8
5572 8
5573 8
5574 8
5575 8
5576 8
5577 8
5578 8
5579 8
5580 8
5581 8
5582 8
5583 8
5584 8
5585 8
5586 8
5587 8
5588 8
5589 8
5590 8
5591 8
5592 8
5593 8
5594 8
5595 8
5596 8
5597 8
5598 8
5599 8
5600 8
5601 8
5602 8
5603 21
5604 8
5605 8
5606 8
5607 8
5608 8
5609 8
5610 8
5611 8
5612 8
5613 8
5614 8
5615 8
5616 8
5617 8
5618 8
5619 8
5620 8
5621 8
5622 8
5623 8
5624 8
5625 8
5626 8
5627 8
5628 8
5629 8
5630 8
5631 8
5632 8
5633 8
5634 8
5635 8
5636 8
5637 8
5638 8
5639 8
5640 8
5641 8
5642 8
5643 8
5644 8
5645 8
5646 8
5647 8
5648 8
5649 8
5650 8
5651 8
5652 8
5653 8
5654 8
5655 8
5656 8
5657 8
5658 8
5659 8
5660 8
5661 8
5662 6
5663 7
5664 8
5665 7
5666 8
5667 8
5668 8
5669 8
5670 8
5671 8
5672 8
5673 8
5674 8
5675 8
5676 8
5677 8
5678 8
5679 8
5680 8
5681 8
5682 8
5683 8
5684 8
5685 8
5686 8
5687 8
5688 8
5689 8
5690 8
5691 8
5692 8
5693 8
5694 8
5695 8
5696 8
5697 8
5698 8
5699 8
5700 6
5701 8
5702 8
5703 8
5704 8
5705 8
5706 8
5707 8
5708 8
5709 8
5710 8
5711 8
5712 8
5713 8
5714 8
5715 8
5716 8
5717 8
5718 8
5719 8
5720 8
5721 8
5722 8
5723 8
5724 8
5725 7
5726 8
5727 8
5728 8
5729 8
5730 8
5731 8
5732 8
5733 8
5734 8
5735 8
5736 8
5737 8
5738 8
5739 8
5740 8
5741 8
5742 8
5743 8
5744 8
5745 8
5746 8
5747 8
5748 8
5749 8
5750 8
5751 8
5752 2
5753 2
5754 2
5755 2
5756 2
5757 2
5758 2
5759 2
5760 2
5761 2
5762 2
5763 8
5764 8
5765 8
5766 8
5767 8
5768 8
5769 8
5770 8
5771 8
5772 8
5773 8
5774 8
5775 8
5776 8
5777 8
5778 8
5779 8
5780 8
5781 8
5782 8
5783 8
5784 8
5785 8
5786 8
5787 8
5788 8
5789 8
5790 8
5791 8
5792 8
5793 8
5794 8
5795 8
5796 8
5797 8
5798 8
5799 8
5800 8
5801 8
5802 8
5803 8
5804 8
5805 8
5806 8
5807 8
5808 8
5809 8
5810 8
5811 8
5812 8
5813 8
5814 8
5815 8
5816 8
5817 8
5818 8
5819 7
5820 8
5821 8
5822 8
5823 8
5824 8
5825 8
5826 8
5827 8
5828 8
5829 8
5830 8
5831 8
5832 8
5833 8
5834 8
5835 8
5836 8
5837 8
5838 8
5839 8
5840 8
5841 8
5842 8
5843 8
5844 8
5845 8
5846 8
5847 22
5848 22
5849 22
5850 22
5851 22
5852 8
5853 8
5854 8
5855 8
5856 8
5857 8
5858 8
5859 8
5860 8
5861 8
5862 8
5863 8
5864 8
5865 8
5866 8
5867 8
5868 8
5869 8
5870 8
5871 8
5872 8
5873 8
5874 8
5875 8
5876 8
5877 8
5878 8
5879 8
5880 8
5881 8
5882 8
5883 8
5884 8
5885 8
5886 8
5887 8
5888 8
5889 8
5890 8
5891 8
5892 8
5893 8
5894 8
5895 8
5896 8
5897 8
5898 8
5899 8
5900 8
5901 8
5902 8
5903 8
5904 8
5905 8
5906 8
5907 8
5908 8
5909 8
5910 8
5911 8
5912 8
5913 8
5914 8
5915 8
5916 8
5917 8
5918 8
5919 8
5920 8
5921 8
5922 8
5923 8
5924 8
5925 8
5926 8
5927 8
5928 8
5929 8
5930 8
5931 8
5932 8
5933 8
5934 7
5935 8
5936 8
5937 8
5938 8
5939 8
5940 8
5941 8
5942 8
5943 8
5944 8
5945 8
5946 8
5947 8
5948 8
5949 8
5950 8
5951 8
5952 8
5953 8
5954 8
5955 8
5956 8
5957 8
5958 8
5959 8
5960 8
5961 8
5962 8
5963 7
5964 8
5965 8
5966 8
5967 8
5968 8
5969 8
5970 8
5971 8
5972 8
5973 8
5974 8
5975 8
5976 8
5977 8
5978 8
5979 8
5980 8
5981 8
5982 8
5983 8
5984 8
5985 7
5986 7
5987 8
5988 8
5989 8
5990 8
5991 8
5992 8
5993 8
5994 8
5995 8
5996 8
5997 8
5998 8
5999 8
6000 8
6001 8
6002 8
6003 8
6004 8
6005 8
6006 8
6007 8
6008 8
6009 8
6010 8
6011 8
6012 8
6013 8
6014 8
6015 8
6016 8
6017 8
6018 8
6019 8
6020 8
6021 8
6022 8
6023 8
6024 8
6025 7
6026 8
6027 7
6028 8
6029 8
6030 7
6031 7
6032 8
6033 7
6034 8
6035 8
6036 8
6037 7
6038 8
6039 8
6040 8
6041 8
6042 8
6043 8
6044 8
6045 8
6046 8
6047 8
6048 8
6049 8
6050 8
6051 8
6052 8
6053 8
6054 8
6055 8
6056 8
6057 8
6058 7
6059 8
6060 8
6061 8
6062 8
6063 8
6064 8
6065 8
6066 8
6067 8
6068 8
6069 8
6070 8
6071 8
6072 8
6073 8
6074 8
6075 0
6076 8
6077 8
6078 8
6079 8
6080 8
6081 8
6082 8
6083 8
6084 8
6085 8
6086 8
6087 8
6088 8
6089 8
6090 8
6091 8
6092 8
6093 8
6094 8
6095 8
6096 8
6097 8
6098 7
6099 7
6100 8
6101 8
6102 8
6103 8
6104 8
6105 8
6106 8
6107 8
6108 8
6109 8
6110 8
6111 8
6112 8
6113 7
6114 8
6115 8
6116 8
6117 8
6118 8
6119 8
6120 8
6121 8
6122 8
6123 8
6124 8
6125 8
6126 8
6127 8
6128 8
6129 8
6130 8
6131 8
6132 23
6133 23
6134 23
6135 8
6136 7
6137 7
6138 7
6139 8
6140 8
6141 8
6142 8
6143 8
6144 8
6145 8
6146 8
6147 8
6148 8
6149 8
6150 8
6151 8
6152 8
6153 8
6154 8
6155 8
6156 8
6157 8
6158 8
6159 8
6160 8
6161 8
6162 8
6163 6
6164 8
6165 8
6166 8
6167 8
6168 8
6169 8
6170 7
6171 8
6172 8
6173 8
6174 8
6175 8
6176 8
6177 8
6178 8
6179 8
6180 8
6181 8
6182 8
6183 8
6184 8
6185 8
6186 8
6187 8
6188 8
6189 8
6190 8
6191 8
6192 8
6193 8
6194 8
6195 8
6196 8
6197 8
6198 8
6199 8
6200 8
6201 8
6202 8
6203 8
6204 8
6205 8
6206 8
6207 8
6208 8
6209 8
6210 8
6211 8
6212 8
6213 8
6214 8
6215 8
6216 8
6217 8
6218 8
6219 8
6220 8
6221 8
6222 8
6223 8
6224 8
6225 8
6226 8
6227 8
6228 8
6229 8
6230 8
6231 8
6232 8
6233 8
6234 8
6235 8
6236 8
6237 8
6238 8
6239 8
6240 8
6241 8
6242 8
6243 8
6244 8
6245 8
6246 8
6247 8
6248 8
6249 8
6250 8
6251 8
6252 8
6253 8
6254 8
6255 8
6256 8
6257 8
6258 8
6259 8
6260 8
6261 8
6262 6
6263 8
6264 6
6265 8
6266 8
6267 24
6268 24
6269 8
6270 8
6271 8
6272 25
6273 25
6274 8
6275 8
6276 8
6277 8
6278 8
6279 8
6280 8
6281 8
6282 8
6283 8
6284 8
6285 8
6286 8
6287 0
6288 0
6289 8
6290 8
6291 8
6292 8
6293 8
6294 8
6295 8
6296 8
6297 8
6298 8
6299 8
6300 8
6301 8
6302 8
6303 8
6304 8
6305 8
6306 8
6307 8
6308 8
6309 8
6310 8
6311 8
6312 8
6313 8
6314 8
6315 8
6316 8
6317 8
6318 8
6319 8
6320 8
6321 8
6322 8
6323 8
6324 8
6325 8
6326 8
6327 8
6328 8
6329 8
6330 8
6331 8
6332 8
6333 8
6334 8
6335 8
6336 8
6337 8
6338 8
6339 8
6340 8
6341 8
6342 8
6343 8
6344 6
6345 6
6346 8
6347 8
6348 8
6349 8
6350 7
6351 8
6352 8
6353 8
6354 8
6355 8
6356 8
6357 8
6358 8
6359 8
6360 8
6361 8
6362 8
6363 8
6364 8
6365 8
6366 8
6367 8
6368 8
6369 8
6370 8
6371 8
6372 8
6373 8
6374 8
6375 8
6376 8
6377 8
6378 8
6379 8
6380 8
6381 8
6382 8
6383 8
6384 8
6385 8
6386 8
6387 8
6388 8
6389 8
6390 8
6391 8
6392 8
6393 8
6394 8
6395 8
6396 8
6397 8
6398 8
6399 8
6400 8
6401 8
6402 8
6403 8
6404 8
6405 8
6406 8
6407 8
6408 8
6409 8
6410 6
6411 8
6412 8
6413 8
6414 8
6415 8
6416 8
6417 8
6418 8
6419 8
6420 8
6421 8
6422 8
6423 8
6424 8
6425 8
6426 8
6427 8
6428 8
6429 8
6430 8
6431 8
6432 8
6433 8
6434 8
6435 8
6436 8
6437 8
6438 8
6439 8
6440 8
6441 8
6442 8
6443 8
6444 8
6445 8
6446 8
6447 8
6448 8
6449 8
6450 8
6451 8
6452 8
6453 8
6454 8
6455 8
6456 8
6457 8
6458 8
6459 8
6460 8
6461 8
6462 8
6463 8
6464 8
6465 8
6466 8
6467 8
6468 8
6469 8
6470 8
6471 8
6472 8
6473 8
6474 8
6475 8
6476 26
6477 26
6478 26
6479 8
6480 8
6481 8
6482 8
6483 8
6484 8
6485 8
6486 8
6487 8
6488 8
6489 8
6490 8
6491 8
6492 8
6493 8
6494 8
6495 8
6496 8
6497 8
6498 8
6499 8
6500 27
6501 27
6502 8
6503 8
6504 8
6505 8
6506 8
6507 8
6508 8
6509 8
6510 8
6511 8
6512 8
6513 8
6514 8
6515 8
6516 8
6517 8
6518 8
6519 8
6520 8
6521 8
6522 8
6523 8
6524 8
6525 8
6526 8
6527 8
6528 8
6529 8
6530 8
6531 8
6532 8
6533 8
6534 8
6535 8
6536 8
6537 8
6538 8
6539 8
6540 8
6541 8
6542 8
6543 8
6544 8
6545 8
6546 8
6547 8
6548 8
6549 8
6550 8
6551 8
6552 8
6553 8
6554 8
6555 8
6556 8
6557 8
6558 0
6559 0
6560 8
6561 8
6562 8
6563 0
6564 8
6565 8
6566 8
6567 8
6568 8
6569 8
6570 8
6571 8
6572 8
6573 8
6574 8
6575 8
6576 8
6577 8
6578 8
6579 8
6580 6
6581 8
6582 8
6583 8
6584 8
6585 8
6586 8
6587 8
6588 8
6589 8
6590 8
6591 8
6592 8
6593 28
6594 8
6595 8
6596 8
6597 8
6598 8
6599 8
6600 8
6601 8
6602 8
6603 8
6604 8
6605 8
6606 8
6607 8
6608 8
6609 8
6610 8
6611 8
6612 8
6613 8
6614 8
6615 8
6616 8
6617 8
6618 8
6619 8
6620 8
6621 8
6622 8
6623 8
6624 8
6625 8
6626 8
6627 8
6628 8
6629 8
6630 8
6631 8
6632 8
6633 8
6634 8
6635 8
6636 8
6637 8
6638 8
6639 8
6640 8
6641 8
6642 8
6643 8
6644 8
6645 8
6646 8
6647 8
6648 8
6649 8
6650 8
6651 8
6652 8
6653 8
6654 8
6655 8
6656 8
6657 8
6658 6
6659 8
6660 8
6661 8
6662 8
6663 8
6664 8
6665 8
6666 8
6667 8
6668 8
6669 8
6670 8
6671 8
6672 8
6673 8
6674 8
6675 8
6676 8
6677 8
6678 8
6679 8
6680 8
6681 8
6682 8
6683 8
6684 8
6685 8
6686 8
6687 8
6688 8
6689 8
6690 8
6691 8
6692 8
6693 8
6694 8
6695 8
6696 8
6697 8
6698 8
6699 8
6700 8
6701 8
6702 8
6703 8
6704 8
6705 8
6706 8
6707 8
6708 8
6709 8
6710 8
6711 8
6712 8
6713 8
6714 8
6715 8
6716 8
6717 8
6718 8
6719 8
6720 8
6721 8
6722 8
6723 8
6724 8
6725 8
6726 8
6727 8
6728 8
6729 8
6730 8
6731 8
6732 8
6733 8
6734 8
6735 8
6736 8
6737 8
6738 8
6739 8
6740 8
6741 8
6742 8
6743 8
6744 7
6745 7
6746 7
6747 7
6748 8
6749 8
6750 8
6751 8
6752 8
6753 8
6754 8
6755 8
6756 8
6757 8
6758 8
6759 8
6760 8
6761 8
6762 8
6763 8
6764 8
6765 8
6766 8
6767 8
6768 8
6769 8
6770 8
6771 8
6772 8
6773 8
6774 8
6775 8
6776 8
6777 8
6778 8
6779 8
6780 8
6781 8
6782 8
6783 8
6784 8
6785 8
6786 8
6787 8
6788 8
6789 8
6790 8
6791 8
6792 8
6793 8
6794 8
6795 8
6796 8
6797 8
6798 8
6799 8
6800 8
6801 8
6802 8
6803 8
6804 8
6805 8
6806 8
6807 8
6808 8
6809 8
6810 8
6811 8
6812 8
6813 8
6814 8
6815 8
6816 8
6817 8
6818 7
6819 8
6820 8
6821 8
6822 8
6823 8
6824 8
6825 8
6826 8
6827 8
6828 8
6829 8
6830 8
6831 8
6832 8
6833 8
6834 8
6835 8
6836 8
6837 8
6838 8
6839 8
6840 8
6841 8
6842 8
6843 8
6844 8
6845 8
6846 8
6847 8
6848 8
6849 8
6850 8
6851 8
6852 8
6853 8
6854 8
6855 8
6856 8
6857 8
6858 8
6859 8
6860 8
6861 8
6862 8
6863 8
6864 8
6865 8
6866 8
6867 8
6868 8
6869 8
6870 8
6871 29
6872 29
6873 8
6874 8
6875 8
6876 8
6877 8
6878 8
6879 30
6880 30
6881 8
6882 8
6883 8
6884 8
6885 8
6886 8
6887 8
6888 8
6889 8
6890 8
6891 8
6892 8
6893 8
6894 8
6895 8
6896 8
6897 8
6898 8
6899 8
6900 8
6901 8
6902 31
6903 31
6904 8
6905 8
6906 8
6907 8
6908 8
6909 8
6910 8
6911 8
6912 8
6913 8
6914 8
6915 8
6916 8
6917 8
6918 8
6919 8
6920 8
6921 8
6922 8
6923 8
6924 8
6925 8
6926 8
6927 8
6928 8
6929 8
6930 8
6931 8
6932 8
6933 7
6934 8
6935 8
6936 8
6937 8
6938 8
6939 8
6940 8
6941 8
6942 8
6943 8
6944 8
6945 8
6946 8
6947 32
6948 32
6949 32
6950 8
6951 8
6952 8
6953 8
6954 8
6955 8
6956 8
6957 8
6958 8
6959 8
6960 8
6961 8
6962 8
6963 8
6964 8
6965 8
6966 8
6967 8
6968 8
6969 8
6970 8
6971 8
6972 8
6973 8
6974 8
6975 8
6976 8
6977 8
6978 8
6979 8
6980 8
6981 8
6982 8
6983 8
6984 8
6985 8
6986 8
6987 8
6988 8
6989 8
6990 8
6991 8
6992 8
6993 8
6994 8
6995 8
6996 8
6997 8
6998 8
6999 8
7000 8
7001 8
7002 8
7003 8
7004 8
7005 8
7006 8
7007 8
7008 8
7009 8
7010 8
7011 8
7012 8
7013 8
7014 8
7015 8
7016 8
7017 8
7018 8
7019 8
7020 8
7021 8
7022 8
7023 8
7024 8
7025 8
7026 8
7027 8
7028 8
7029 8
7030 8
7031 8
7032 8
7033 8
7034 7
7035 8
7036 8
7037 8
7038 8
7039 8
7040 8
7041 8
7042 8
7043 8
7044 8
7045 8
7046 8
7047 8
7048 8
7049 8
7050 8
7051 8
7052 8
7053 8
7054 8
7055 8
7056 8
7057 8
7058 8
7059 8
7060 8
7061 8
7062 8
7063 8
7064 8
7065 8
7066 8
7067 8
7068 8
7069 8
7070 8
7071 8
7072 8
7073 8
7074 8
7075 6
7076 8
7077 8
7078 8
7079 8
7080 8
7081 8
7082 8
7083 8
7084 8
7085 8
7086 8
7087 8
7088 8
7089 8
7090 8
7091 8
7092 8
7093 8
7094 8
7095 8
7096 8
7097 8
7098 8
7099 8
7100 8
7101 8
7102 8
7103 8
7104 8
7105 8
7106 8
7107 8
7108 8
7109 8
7110 8
7111 8
7112 8
7113 8
7114 8
7115 8
7116 8
7117 8
