 

======================================================================================
graphdata9

 0  3  5  8  9  13  14  16 


 1  2  3  0  2  0  1  4  0  2  5  6  7  4  4  7  4  6


Community membership : 0  0  0  0  1  1  1  1


The maximum number of communities is 2


The degree of the vertices are :
 3  2  3  1  4  1  2  2

The flag array is as follows :
 0  0  2  1  2  1  0  0
Returning permanence
0.000 0.000 0.667 0.000 0.750 0.000 0.000 0.000

Printing outlier vertices

Printing outlier nodes with degree 1
3
5



---Printing outlier nodes with permanence <= 0.25---







Jaccard index =  0.25
Jaccard distance =  0.75

==============================================================================================================

===================================================================================================================


./a.exe karate3.txt karate_comm.txt     

 0  16  25  35  41  44  48  52  56  61  63  66  67  69  74  76  78  80  82  84  87  89  91  93  98  101  104  106  110  113  117  121  127  139 


 31  21  19  17  13  12  11  10  8  7  6  5  4  3  2  1  2  21  13  0  19  30  17  7  3  0  1  28  27  32  9  8  7  13  3  2  0  1  12  7  13  6  0  10  0  10  16  6  0  4  16  5  1  2  3  0  30  33  32  0  2  2  33  0  4  5  0  3  0  0  1  2  3  33  32  33  33  32  5  6  0  1  32  33  1  33  0  33  32  1  0  32  33  33  27  32  25  29  27  25  31  31  23  24  29  33  2  23  24  33  33  31  2  23  32  26  33  32  33  1  8  0  24  25  28  33  32  20  22  23  29  30  31  33  2  8  14  15  18  26  27  28  29  30  31  32  8  9  13  14  15  18  19  20  22  23 


Community membership : 0  0  0  0  1  1  1  0  3  0  1  0  0  0  3  3  1  0  3  0  3  0  3  2  2  2  3  2  2  3  3  2  3  3 


The maximum number of communities is 4


The degree of the vertices are :
 16  9  10  6  3  4  4  4  5  2  3  1  2  5  2  2  2  2  2  3  2  2  2  5  3  3  2  4  3  4  4  6  12  17

The flag array is as follows :
 2  2  2  0  2  2  2  0  2  2  2  1  0  2  0  0  0  0  0  2  0  0  0  2  0  0  0  2  2  2  2  2  2  2
Returning permanence
0.234 0.889 0.150 0.000 0.667 0.750 0.750 0.000 0.150 0.500 0.667 0.000 0.000 0.800 0.000 0.000 0.000 0.000 0.000 0.667 0.000 0.000 0.000 0.044 0.000 0.000 0.000 0.500 0.333 0.750 0.750 0.250 0.375 0.049

Printing outlier vertices

Printing outlier nodes with degree 1
11



---Printing outlier nodes with permanence <= 0.25---


0
2
8
23
31
33








Jaccard index =  0.3
Jaccard distance =  0.7

==========================================================================================================

.\a.exe dolphins1.txt dolphin_comm.txt

 0  6  14  18  21  22  26  32  37  43  50  55  56  57  65  77  84  90  99  106  110  119  125  126  129  135  138  141  146  151  160  165  166  169  179  184  185  192  203  211  213 
 221  226  232  239  243  254  256  262  263  265  272  282  286  288  295  297  299  308  309  314  315 


 10  14  15  40  42  47  17  19  26  27  28  36  41  54  10  42  44  61  14  59  8  51  13  56  57  9  13  17  54  56  57  9  19  27  30  40  54  20  28  3  37  45  59  13  17  32  41 
 5  57  6  0  2  29  42  47  51  33  17  32  41  5  54  57  6  9  0  16  24  3  33  34  37  38  40  43  50  52  0  18  24  40  45  55  59  14  20  33  37  38  50  1  13  22  25  27  31  57  6  9  15  20  21  24  29  45  51  1  30  54  7  16  18  28  36  38  44  47  50  8  18  29  33  37  45  51  17  36  45  51  14  15  18  29  45  51  17  26  27  1  25  27  1  17  25  26  7  1  20  30  47  8  10  18  21  24  35  43  45  51  52  19  28  42  47  7  17  13  60  9  12  14  16  21  34  37  38  40  43  50  14  33  37  44  49  29  1  20  23  37  39  40 
 59  14  16  21  33  34  36  40  43  45  61  8  14  16  20  33  43  44  52  58  36  57  0  14  15  33  36  37  52  7  1  13  54  57  9  0  10  2  30  47  50  14  29  33  37  38  46  53  2  20  34  38  15  18  21  23  24  29  37  50  51  59  8  43  49  0  10  20  28  30  42  57  34  46  14  16  20  33  42  45  51  11  18  21  23  24  29  4  45  50  55  14  29  38  40  43  61  1  13  19  41  57  6  7  15  51  5  6  13  17  39  41  48  5  54  6  9  38  15  3  36  45  8  32  2  37  53 


Community membership : 0  1  0  3  2  1  1  0  3  1  0  2  4  1  4  2  4  1  2  0  4  2  1  2  2  1  1  1  3  2  0  1  1  4  4  2  3  4  4  3  4  1  0  4  4  2  4  0  1  4  4  2  4  4 
 1  2  1  1  4  3  1  4


The maximum number of communities is 5


The degree of the vertices are :
 6  8  4  3  1  4  6  5  6  7  5  1  1  8  12  7  6  9  7  4  9  6  1  3  6  3  3  5  5  9  5  1  3  10  5  1  7  11  8  2  8  5  6  7  4  11  2  6  1  2  7  10  4  2  7  2  2  9  1  5  1  3

The flag array is as follows :
 2  2  2  2  1  0  0  2  2  0  2  1  1  0  2  2  0  0  2  2  2  2  1  2  2  0  0  2  2  2  2  1  0  2  0  1  2  2  0  2  2  0  2  2  2  2  0  2  1  0  2  2  2  0  2  0  0  2  1  2  1  
2
Returning permanence
0.250 0.313 0.125 0.667 0.000 0.000 0.000 0.200 0.250 0.000 0.800 0.000 0.000 0.000 0.750 0.571 0.000 0.000 0.857 0.125 0.207 0.167 0.000 0.667 0.833 0.000 0.000 0.800 0.125 0.333 0.800 0.000 0.000 0.900 0.000 0.000 0.133 0.159 0.000 0.500 0.313 0.000 0.833 0.857 0.750 0.159 0.000 0.667 0.000 0.000 0.286 0.900 0.750 0.000 0.179 0.000 0.000 0.889 0.000 0.150 0.000 0.667

Printing outlier vertices

Printing outlier nodes with degree 1
4
11
12
22
31
35
48
58
60



---Printing outlier nodes with permanence <= 0.25---


0
2
7
8
19
20
21
28
36
37
45
54
59






Jaccard index =  0.21153846153846154
Jaccard distance =  0.7884615384615384

==========================================================================================================
